39

1
4
0 1 2
0 1 3
1 2 3
0 2 3

2
6
0 1 2
0 1 2
0 1 2
3 4 5
3 4 5
3 4 5

3
10
3 5 6
3 4 7
2 5 8
2 4 9
0 4 5
1 2 3
0 6 7
0 8 9
1 6 8
1 7 9

4
14
5 7 8
5 6 9
4 7 9
4 6 8
3 11 12
3 10 13
2 11 13
2 10 12
0 4 5
1 2 3
0 6 7
0 8 9
1 10 11
1 12 13

5
24
17 18 22
15 20 23
9 13 14
9 11 22
8 12 16
8 10 23
7 13 23
7 11 19
1 12 13
1 10 11
0 8 9
0 6 7
1 2 3
0 4 5
2 14 15
2 16 17
3 18 19
3 20 21
4 14 18
4 16 20
5 15 19
5 17 21
6 10 21
6 12 22

6
30
6 9 12
6 8 13
5 10 12
5 8 14
4 10 13
4 9 14
2 11 14
2 7 10
2 3 6
1 11 13
1 7 9
1 3 5
0 11 12
0 7 8
18 26 27
15 24 25
15 18 21
21 22 23
15 16 17
18 19 20
21 28 29
16 19 22
16 26 28
19 24 29
22 25 27
17 20 23
17 27 29
20 25 28
23 24 26
0 3 4

7
54
46 47 52
41 44 53
48 49 50
0 40 51
37 39 51
34 38 51
30 43 53
28 42 53
41 42 43
32 33 52
39 45 47
38 45 46
18 45 52
29 33 50
25 43 49
24 42 48
29 36 49
28 31 37
11 17 19
10 17 18
10 11 26
1 5 22
13 15 21
13 14 20
1 8 21
0 3 9
2 3 6
1 7 20
6 9 12
4 8 50
4 7 19
5 7 8
0 2 16
3 12 16
4 5 24
14 15 27
14 25 41
2 15 25
6 10 23
9 11 23
12 23 26
20 21 22
16 27 38
18 19 39
13 22 27
17 24 26
32 36 46
34 37 40
32 35 47
33 35 36
28 30 44
31 40 44
29 35 48
30 31 34

8
58
0 27 56
33 55 57
47 54 56
6 53 55
12 52 54
19 51 53
35 50 52
28 49 51
9 48 50
39 47 49
46 48 55
24 45 47
17 44 46
29 43 45
11 42 44
34 41 43
5 40 42
20 39 41
38 40 48
14 37 39
1 36 38
23 35 37
14 16 32
13 15 38
12 14 26
11 13 53
10 12 43
2 9 11
8 10 49
7 9 22
6 8 16
5 7 54
0 2 37
1 18 57
1 3 10
2 4 31
3 5 25
4 6 41
7 15 17
16 18 45
0 17 19
18 20 52
19 21 40
20 22 30
8 21 23
22 24 36
23 25 46
4 24 26
13 25 27
26 28 57
27 29 50
28 30 44
21 29 31
3 30 32
15 31 33
32 34 56
33 35 42
34 36 51

9
58
47 51 56
30 54 57
6 45 50
5 42 56
24 45 47
39 48 50
20 46 57
19 52 55
7 37 46
12 31 52
10 53 57
14 49 51
35 53 55
11 36 43
26 42 44
41 43 54
34 40 42
17 39 41
38 40 52
23 37 39
36 38 49
28 37 44
14 16 25
13 15 46
3 12 14
11 13 48
10 12 44
9 11 47
0 10 17
0 7 32
6 8 49
5 7 55
0 2 18
1 8 9
1 3 27
2 4 13
3 5 22
4 6 54
15 17 29
9 16 40
1 19 26
18 20 50
19 21 51
20 22 33
4 21 23
22 24 38
23 25 53
15 24 26
18 25 43
2 28 35
27 29 36
16 28 30
29 31 56
30 32 48
8 31 33
21 32 34
33 35 41
27 34 45

10
58
30 50 56
47 51 57
24 45 52
6 45 50
34 42 51
39 48 55
46 53 56
19 54 57
7 37 46
12 31 52
10 23 56
14 49 51
35 54 55
11 36 43
26 42 44
41 43 53
5 40 42
17 39 41
38 40 52
20 37 39
36 38 49
28 37 44
14 16 25
13 15 46
3 12 14
11 13 48
10 12 44
9 11 47
0 10 17
0 7 32
6 8 49
5 7 54
0 2 18
1 8 9
1 3 27
2 4 13
3 5 22
4 6 41
15 17 29
9 16 40
1 19 26
18 20 50
19 21 38
20 22 33
4 21 23
22 24 47
23 25 55
15 24 26
18 25 43
2 28 35
27 29 36
16 28 30
29 31 57
30 32 48
8 31 33
21 32 34
33 35 53
27 34 45

11
58
30 50 56
47 51 57
24 45 52
6 45 50
34 41 51
39 48 55
46 53 56
19 54 57
7 37 46
12 31 52
10 23 56
14 49 51
35 54 55
11 36 43
26 42 44
5 41 43
40 42 53
17 39 41
38 40 52
20 37 39
36 38 49
28 37 44
14 16 25
13 15 46
3 12 14
11 13 48
10 12 44
9 11 47
0 10 17
0 7 32
6 8 49
5 7 54
0 2 18
1 8 9
1 3 27
2 4 13
3 5 22
4 6 42
15 17 29
9 16 40
1 19 26
18 20 50
19 21 38
20 22 33
4 21 23
22 24 47
23 25 55
15 24 26
18 25 43
2 28 35
27 29 36
16 28 30
29 31 57
30 32 48
8 31 33
21 32 34
33 35 53
27 34 45

12
58
41 47 48
43 49 53
34 50 54
40 53 55
35 54 56
42 43 51
41 45 52
38 45 55
37 44 56
36 40 57
39 44 57
32 33 42
14 50 51
17 47 49
13 52 56
12 46 52
11 51 57
21 48 54
10 32 47
17 30 50
19 31 49
18 29 48
9 26 27
7 25 45
6 29 43
5 24 42
4 23 41
6 34 39
2 15 21
3 18 19
3 14 20
2 10 13
0 4 5
1 2 3
0 6 9
0 7 8
1 11 16
1 12 17
4 28 31
5 38 44
8 30 36
8 22 37
7 32 35
9 33 40
19 24 34
11 26 35
12 22 27
14 27 28
15 23 30
15 24 25
16 25 29
13 28 36
18 26 38
16 33 37
20 39 46
21 31 46
10 22 55
20 23 53

13
58
48 52 54
42 51 55
36 50 56
41 49 57
34 47 52
33 53 57
39 43 56
44 45 55
38 44 54
37 43 57
40 45 53
35 41 42
15 47 50
17 49 50
16 48 51
11 46 56
13 46 54
20 31 47
21 32 51
18 32 49
19 30 48
10 25 55
8 24 45
6 23 25
6 31 41
5 30 35
4 34 42
7 33 36
1 16 17
2 15 21
3 10 18
2 13 14
0 5 9
1 2 3
0 6 8
0 4 7
3 11 19
1 12 20
9 28 43
9 29 44
7 26 38
4 27 37
5 32 40
8 22 39
21 29 33
14 28 34
15 26 35
14 30 36
18 24 28
19 29 31
16 23 26
17 22 27
12 25 37
13 27 40
20 38 39
10 22 52
11 23 53
12 24 46

14
58
49 50 54
48 53 55
46 47 56
45 52 57
42 51 56
36 41 54
35 44 53
40 44 57
34 43 57
33 45 56
38 39 55
37 43 55
10 48 54
12 50 51
13 46 49
14 22 53
19 39 52
18 38 50
17 41 47
20 40 47
21 31 46
21 28 52
8 27 35
5 34 42
4 32 43
9 31 44
4 22 28
7 23 45
3 12 16
2 15 17
1 10 20
2 18 21
0 5 7
1 2 3
0 6 8
0 4 9
3 11 13
1 14 19
9 30 33
8 24 39
6 29 40
5 26 41
7 25 38
6 36 37
11 24 42
10 24 31
17 22 23
20 27 28
19 29 32
15 25 30
11 25 36
18 26 33
16 27 34
12 23 37
13 26 35
16 29 48
14 30 49
15 32 51

15
58
0 31 56
1 55 57
43 54 56
36 53 55
11 52 54
17 51 53
24 50 52
0 49 51
38 48 50
13 47 49
2 46 48
18 45 47
7 44 46
25 43 45
42 44 55
14 41 43
4 40 42
19 39 41
9 38 40
37 39 49
29 36 38
35 37 54
14 16 27
13 15 42
12 14 48
11 13 28
10 12 53
9 11 32
8 10 39
7 9 27
6 8 45
0 5 7
2 22 56
6 50 57
1 3 47
2 4 23
3 5 41
4 6 35
15 17 30
16 18 52
17 19 46
18 20 40
19 21 28
20 22 34
1 21 27
3 24 26
23 25 51
24 33 44
23 28 29
8 15 22
12 20 26
26 30 37
16 29 31
30 32 57
10 31 33
25 32 34
21 33 35
5 34 36

16
58
9 23 56
7 12 57
11 22 54
4 13 55
15 18 52
3 23 53
10 21 50
0 12 51
6 14 17
6 8 20
3 10 17
0 8 18
42 43 44
40 41 45
38 39 45
36 37 45
34 35 44
32 33 44
30 31 43
28 29 43
26 27 42
24 25 42
5 31 53
1 31 49
2 30 54
30 50 56
19 29 55
29 47 51
16 28 57
28 46 48
19 27 56
27 48 49
14 22 24
24 46 50
13 20 25
25 47 52
16 26 54
15 21 26
4 9 32
32 47 49
33 46 53
7 11 33
2 34 48
5 34 51
1 35 55
35 52 57
0 1 36
2 3 36
4 5 37
6 7 37
8 9 38
10 11 38
12 13 39
14 15 39
16 17 40
18 19 40
20 21 41
22 23 41

17
58
51 53 56
47 48 57
16 51 52
5 50 53
2 54 57
1 49 55
6 55 57
10 20 54
4 14 52
11 19 56
0 21 56
0 15 17
42 43 44
40 41 45
38 39 45
36 37 45
34 35 44
32 33 44
30 31 43
28 29 43
26 27 42
24 25 42
22 31 46
19 31 49
7 20 30
3 16 30
23 29 48
1 29 50
2 18 28
4 21 28
13 18 27
22 27 51
10 24 52
24 46 47
9 25 53
12 23 25
8 26 49
17 26 54
12 32 55
5 32 46
7 9 33
14 33 48
13 34 50
8 34 47
6 15 35
3 11 35
0 1 36
2 3 36
4 5 37
6 7 37
8 9 38
10 11 38
12 13 39
14 15 39
16 17 40
18 19 40
20 21 41
22 23 41

18
58
15 18 56
10 20 57
12 19 54
8 23 55
6 19 52
2 21 53
10 17 50
2 13 51
5 18 48
0 22 49
7 8 46
0 17 47
42 43 44
40 41 45
38 39 45
36 37 45
34 35 44
32 33 44
30 31 43
28 29 43
26 27 42
24 25 42
7 31 57
3 16 31
5 30 50
1 30 55
6 22 29
29 51 56
4 21 28
28 47 54
15 27 47
11 27 53
12 20 24
24 46 48
25 50 52
14 23 25
9 16 26
13 26 49
4 14 32
32 46 51
33 49 57
33 53 55
1 34 56
9 34 52
11 35 48
3 35 54
0 1 36
2 3 36
4 5 37
6 7 37
8 9 38
10 11 38
12 13 39
14 15 39
16 17 40
18 19 40
20 21 41
22 23 41

19
58
50 51 55
19 52 55
13 56 57
4 49 53
14 48 54
8 21 56
7 17 57
0 10 57
3 17 54
0 18 53
6 11 23
2 15 22
42 43 44
40 41 45
38 39 45
36 37 45
34 35 44
32 33 44
30 31 43
28 29 43
26 27 42
24 25 42
7 31 46
21 31 53
23 30 55
5 16 30
3 29 47
20 29 50
4 22 28
1 28 52
15 27 51
18 27 47
8 16 24
24 48 50
19 25 46
11 25 49
9 26 54
12 20 26
1 12 32
32 49 51
6 33 48
2 33 56
5 10 34
14 34 52
9 35 46
13 35 47
0 1 36
2 3 36
4 5 37
6 7 37
8 9 38
10 11 38
12 13 39
14 15 39
16 17 40
18 19 40
20 21 41
22 23 41

20
58
50 51 55
52 53 54
5 54 57
21 55 56
19 49 56
14 48 56
3 47 57
15 46 57
13 23 53
7 17 52
7 12 51
1 23 50
42 43 44
40 41 45
38 39 45
36 37 45
34 35 44
32 33 44
30 31 43
28 29 43
26 27 42
24 25 42
18 31 50
2 31 52
4 30 49
20 30 47
6 21 29
3 16 29
5 22 28
0 19 28
27 47 48
11 18 27
17 24 46
8 20 24
14 22 25
10 25 51
13 16 26
9 26 55
4 10 32
1 32 48
6 15 33
8 33 53
0 12 34
11 34 54
2 9 35
35 46 49
0 1 36
2 3 36
4 5 37
6 7 37
8 9 38
10 11 38
12 13 39
14 15 39
16 17 40
18 19 40
20 21 41
22 23 41

21
58
54 55 56
36 45 57
18 27 57
0 9 57
3 45 52
14 51 53
23 50 52
7 49 51
35 48 50
17 47 49
20 46 48
30 45 47
46 53 56
12 36 43
5 42 44
22 41 43
16 40 42
28 39 41
8 38 40
25 37 39
33 36 38
37 44 56
14 16 32
13 15 52
12 14 19
11 13 44
10 12 29
9 11 24
10 17 54
0 7 39
6 8 50
5 7 31
0 2 21
1 8 54
1 3 34
2 4 53
3 5 26
4 6 43
15 17 41
9 16 48
19 26 55
13 18 20
19 21 47
1 20 22
21 23 42
22 24 51
10 23 25
24 26 38
4 18 25
28 35 55
27 29 40
11 28 30
29 31 46
6 30 32
15 31 33
32 34 37
2 33 35
27 34 49

22
58
10 23 56
6 17 57
8 22 54
3 15 55
14 23 52
2 19 53
5 15 18
4 12 22
4 11 16
2 11 21
1 10 18
0 14 16
42 43 44
40 41 45
38 39 45
36 37 45
34 35 44
32 33 44
30 31 43
28 29 43
26 27 42
24 25 42
31 51 54
31 46 53
6 21 30
1 30 50
29 48 49
29 47 57
0 20 28
7 28 55
8 19 27
13 27 56
12 24 47
9 24 46
25 48 52
17 25 54
26 49 50
20 26 51
32 46 49
3 32 56
33 47 51
7 33 52
5 9 34
13 34 48
35 50 55
35 53 57
0 1 36
2 3 36
4 5 37
6 7 37
8 9 38
10 11 38
12 13 39
14 15 39
16 17 40
18 19 40
20 21 41
22 23 41

23
58
52 53 56
50 51 57
48 49 54
46 47 55
15 16 57
11 23 57
13 20 56
9 19 56
4 9 55
2 15 55
7 13 54
1 11 54
42 43 44
40 41 45
38 39 45
36 37 45
34 35 44
32 33 44
30 31 43
28 29 43
26 27 42
24 25 42
31 48 53
6 21 31
30 47 51
3 17 30
29 46 52
5 18 29
28 49 50
0 22 28
22 27 47
14 19 27
21 24 46
8 16 24
18 25 48
12 23 25
17 26 49
10 20 26
0 32 53
4 12 32
2 10 33
6 33 50
5 34 51
1 14 34
7 8 35
3 35 52
0 1 36
2 3 36
4 5 37
6 7 37
8 9 38
10 11 38
12 13 39
14 15 39
16 17 40
18 19 40
20 21 41
22 23 41

24
58
15 23 56
6 16 57
12 21 54
4 19 55
13 22 52
2 17 53
5 9 50
1 23 51
7 18 48
0 20 49
6 8 21
5 14 17
42 43 44
40 41 45
38 39 45
36 37 45
34 35 44
32 33 44
30 31 43
28 29 43
26 27 42
24 25 42
3 31 57
20 31 46
7 30 53
1 30 55
4 22 29
0 16 29
18 28 51
2 28 47
13 27 49
27 47 56
12 24 50
10 24 48
8 25 52
15 19 25
11 26 54
26 46 51
10 32 56
32 46 52
9 33 49
3 33 54
14 34 48
34 47 55
11 35 53
35 50 57
0 1 36
2 3 36
4 5 37
6 7 37
8 9 38
10 11 38
12 13 39
14 15 39
16 17 40
18 19 40
20 21 41
22 23 41

25
58
15 17 56
2 11 57
13 19 54
0 23 55
7 14 20
7 11 19
6 8 17
5 15 23
5 9 18
4 13 21
3 12 22
1 10 16
42 43 44
40 41 45
38 39 45
36 37 45
34 35 44
32 33 44
30 31 43
28 29 43
26 27 42
24 25 42
31 50 57
1 31 53
30 48 55
6 30 47
29 52 56
22 29 46
20 28 49
0 28 51
27 52 53
12 27 51
14 24 46
8 24 54
21 25 56
18 25 47
16 26 48
26 49 50
4 32 46
32 51 57
3 33 49
33 52 55
9 34 53
2 34 48
10 35 47
35 50 54
0 1 36
2 3 36
4 5 37
6 7 37
8 9 38
10 11 38
12 13 39
14 15 39
16 17 40
18 19 40
20 21 41
22 23 41

26
70
33 65 66
33 62 67
58 63 68
53 55 69
47 61 69
35 40 62
36 44 67
50 64 68
29 37 65
29 31 40
28 34 43
28 38 67
27 35 45
27 32 39
26 41 66
26 30 42
25 34 66
25 31 44
24 37 39
24 42 62
23 36 41
23 32 43
22 45 65
22 30 38
21 47 57
21 52 63
20 48 59
20 50 54
19 49 55
19 60 64
18 51 56
18 46 58
17 51 61
17 49 63
6 32 33
6 30 31
5 28 29
5 26 27
4 24 25
4 22 23
3 20 21
3 18 19
2 16 17
2 14 15
0 4 5
1 2 3
0 6 7
0 8 9
1 10 11
1 12 13
7 34 35
7 36 37
8 38 39
8 40 41
9 42 43
9 44 45
10 46 47
10 48 49
11 50 51
11 52 53
12 54 55
12 56 57
13 58 59
13 60 61
14 46 54
14 52 60
15 48 56
15 68 69
16 53 59
16 57 64

27
70
33 62 64
33 45 67
53 55 68
34 63 64
36 40 62
58 66 69
52 57 66
50 65 69
29 35 45
29 31 40
28 37 43
28 38 64
27 44 63
27 32 39
26 41 67
26 30 42
25 37 67
25 31 63
24 35 39
24 42 62
23 34 41
23 32 43
22 36 44
22 30 38
21 61 68
21 47 57
20 48 59
20 50 54
19 49 55
19 60 65
18 51 56
18 46 58
17 53 59
17 47 65
6 32 33
6 30 31
5 28 29
5 26 27
4 24 25
4 22 23
3 20 21
3 18 19
2 16 17
2 14 15
0 4 5
1 2 3
0 6 7
0 8 9
1 10 11
1 12 13
7 34 35
7 36 37
8 38 39
8 40 41
9 42 43
9 44 45
10 46 47
10 48 49
11 50 51
11 52 53
12 54 55
12 56 57
13 58 59
13 60 61
14 46 54
14 52 60
15 48 56
15 68 69
16 49 66
16 51 61

28
70
37 41 63
33 45 64
36 45 65
33 41 62
49 60 67
53 58 68
52 57 69
50 61 66
29 34 62
29 31 65
28 37 43
28 38 64
27 44 63
27 32 39
26 35 40
26 30 42
25 35 64
25 31 63
24 36 39
24 42 62
23 40 65
23 32 43
22 34 44
22 30 38
21 67 68
21 47 57
20 48 59
20 50 54
19 66 69
19 49 55
18 51 56
18 46 58
17 59 69
17 51 67
6 32 33
6 30 31
5 28 29
5 26 27
4 24 25
4 22 23
3 20 21
3 18 19
2 16 17
2 14 15
0 4 5
1 2 3
0 6 7
0 8 9
1 10 11
1 12 13
7 34 35
7 36 37
8 38 39
8 40 41
9 42 43
9 44 45
10 46 47
10 48 49
11 50 51
11 52 53
12 54 55
12 56 57
13 58 59
13 60 61
14 46 54
14 52 60
15 48 56
15 66 68
16 47 61
16 53 55

29
100
68 72 98
96 97 99
84 90 98
64 85 98
88 89 94
68 90 95
72 90 92
86 89 93
72 85 88
93 94 97
67 92 95
66 91 95
68 85 86
66 87 92
87 91 96
63 81 97
80 81 82
78 79 83
71 83 84
62 66 83
76 77 82
39 63 82
30 31 34
35 54 69
29 31 32
21 33 40
33 35 41
35 40 48
33 39 47
36 46 60
17 24 26
13 22 27
18 19 24
16 25 27
20 21 22
12 23 26
9 23 32
6 10 23
2 15 25
0 14 25
14 15 27
4 5 24
3 12 16
0 2 16
5 7 8
4 19 59
4 8 18
9 12 75
7 20 76
3 6 57
0 3 9
1 8 21
13 14 20
13 15 51
1 5 22
10 11 26
10 17 18
11 17 19
28 37 58
36 47 61
39 41 46
29 38 78
30 32 45
31 38 45
43 44 59
42 52 61
42 53 60
40 41 49
28 38 55
29 37 55
30 51 52
45 51 53
56 58 59
11 48 49
43 48 57
44 49 57
34 55 58
46 47 54
50 60 61
7 52 53
36 50 54
2 42 50
28 44 56
37 43 56
70 76 80
67 78 84
73 77 96
69 70 74
80 86 88
63 74 89
87 94 99
34 65 77
62 65 71
70 73 81
91 93 99
64 71 75
65 67 75
1 73 74
6 62 79
64 69 79

30
112
8 78 98
1 36 55
15 29 70
7 13 72
14 33 37
25 34 100
43 67 87
52 76 90
5 24 67
10 58 65
9 65 72
19 21 106
49 61 97
35 38 111
3 86 99
30 46 95
55 73 96
5 30 58
68 71 85
33 36 89
8 50 63
2 46 104
10 57 92
20 43 57
35 39 105
26 68 97
15 40 93
0 32 62
25 66 79
22 77 80
18 49 79
2 61 82
30 81 83
26 58 111
64 87 98
45 52 106
66 92 107
29 64 84
0 47 51
79 94 96
23 32 109
51 55 71
21 44 48
45 78 86
39 83 106
14 47 103
29 41 60
41 53 82
13 27 100
41 54 88
12 74 100
16 17 81
18 42 72
18 38 40
48 94 103
42 67 75
43 59 97
50 80 90
31 49 84
42 60 110
39 71 77
37 69 108
56 91 111
59 70 101
62 89 102
38 53 74
19 62 75
21 54 108
24 53 107
48 85 109
44 92 110
7 68 107
11 16 98
6 25 87
16 76 85
20 22 23
1 4 17
3 88 105
27 36 61
26 34 60
69 90 96
24 31 52
5 15 27
0 81 99
2 75 91
28 31 56
34 47 104
11 14 22
13 20 56
28 95 110
8 51 54
76 88 89
78 94 102
3 9 73
1 23 45
44 80 99
10 12 84
66 70 91
32 35 69
77 101 102
33 63 83
4 103 105
37 86 93
7 46 64
9 63 109
6 28 93
17 101 108
59 74 95
11 19 73
4 12 50
40 57 104
6 65 82

31
126
30 43 50
30 36 56
29 42 51
29 37 56
28 42 54
28 34 59
27 46 50
27 34 60
26 45 52
26 44 53
24 38 61
24 35 62
22 41 60
22 37 48
21 44 57
21 38 48
20 46 57
20 32 51
19 41 62
19 32 52
18 45 59
18 43 61
16 36 53
16 35 54
14 49 59
14 36 40
14 20 25
13 52 58
13 38 40
13 17 27
12 54 58
12 33 43
12 22 25
11 49 62
11 33 44
11 17 29
10 53 60
10 51 61
9 21 28
9 19 30
8 37 45
8 35 46
6 47 50
6 39 42
6 23 26
5 55 58
5 47 49
5 7 10
84 102 114
70 118 120
67 91 94
64 106 108
64 67 70
86 124 125
90 122 123
87 120 121
96 118 119
81 116 117
74 93 99
69 114 115
69 74 81
93 112 113
87 110 111
99 108 109
86 106 107
75 104 105
73 90 96
63 102 103
78 79 80
75 76 77
72 73 74
69 70 71
63 64 65
66 67 68
81 82 83
66 72 78
66 84 85
72 86 87
78 88 89
90 91 92
93 94 95
96 97 98
99 100 101
63 73 75
100 103 124
85 112 122
97 110 115
68 76 82
68 97 100
76 107 113
82 121 123
94 104 125
91 111 116
85 105 117
84 109 119
65 79 83
65 110 112
79 92 101
83 119 125
88 108 123
98 106 117
89 103 116
95 102 121
71 77 80
71 122 124
77 109 111
80 95 98
101 105 120
89 113 118
88 104 115
92 107 114
0 15 16
0 31 32
0 47 48
1 7 8
1 31 33
1 39 40
2 23 24
2 31 34
2 55 56
3 7 9
3 15 17
3 23 25
4 15 18
4 39 41
4 55 57

32
200
171 176 181
164 171 172
186 187 196
169 176 197
110 177 194
169 179 195
190 191 192
179 184 193
188 189 193
169 182 193
185 187 191
178 183 191
182 189 197
127 178 197
139 184 189
178 185 192
180 182 188
183 187 190
168 179 199
162 165 183
181 192 194
184 186 188
174 175 195
167 196 199
166 173 177
164 170 177
165 172 175
167 173 198
18 198 199
98 165 174
190 194 196
164 166 181
85 172 176
0 168 175
79 81 107
47 71 72
96 100 102
36 70 85
37 78 102
76 80 107
76 79 104
74 78 80
41 45 51
36 41 52
39 50 64
39 44 62
60 61 64
58 65 67
54 55 62
42 63 66
52 57 65
51 56 65
56 57 58
40 59 64
53 59 61
38 59 60
37 45 63
46 63 81
48 49 57
50 61 68
50 60 69
51 52 67
22 46 53
38 40 53
42 46 76
47 49 54
44 55 69
36 45 66
28 38 42
43 47 62
39 68 69
11 48 58
41 66 67
43 48 56
6 55 73
44 68 74
14 24 33
15 16 31
3 10 17
2 4 17
1 10 40
11 13 18
8 19 33
0 9 30
2 3 6
7 26 37
5 11 19
8 32 166
7 12 20
5 7 13
5 12 22
1 3 4
14 25 32
12 13 21
10 27 171
1 9 27
2 23 24
17 23 25
4 23 49
20 21 22
15 20 29
16 21 29
6 27 30
18 19 26
29 31 43
24 25 28
8 26 34
14 28 34
0 16 35
9 15 35
30 31 35
32 33 34
70 73 79
71 77 78
70 72 83
54 77 83
87 92 101
80 81 105
90 92 94
74 100 167
87 89 104
82 86 91
89 93 96
86 88 94
84 91 98
87 90 95
82 84 103
88 95 103
84 89 97
91 93 97
75 88 99
94 95 99
90 99 170
96 97 98
75 85 101
82 100 105
73 75 103
92 93 102
71 86 106
83 101 106
104 105 107
72 77 106
112 116 126
114 117 120
115 160 195
113 115 116
108 124 144
111 120 124
109 115 128
110 111 114
108 111 117
109 116 129
121 122 128
121 123 129
109 113 130
118 119 141
118 125 126
119 125 127
112 113 132
122 123 135
108 122 133
123 133 186
114 118 131
117 119 131
120 131 134
128 129 130
124 133 135
126 127 132
130 135 138
125 132 134
139 160 161
141 142 145
134 150 152
136 163 185
143 144 155
121 137 161
137 143 154
140 142 146
112 140 145
137 144 149
143 151 153
149 156 162
149 157 163
145 147 148
138 151 157
146 150 162
138 153 156
146 152 163
142 158 160
140 158 161
147 152 159
148 150 159
154 155 159
156 157 158
110 136 154
136 141 155
147 151 180
139 148 153
168 174 198
170 173 180

33
272
235 247 267
183 190 237
91 110 180
90 125 182
162 187 271
198 240 254
104 241 246
141 204 263
94 227 264
74 173 199
62 107 260
168 192 261
129 152 255
118 179 257
238 256 258
203 255 257
61 256 259
166 253 266
92 250 254
115 248 249
116 153 250
58 251 253
184 220 252
171 247 252
246 248 271
72 247 265
56 69 217
85 222 239
55 86 170
122 139 241
240 242 265
239 241 266
238 240 244
237 239 257
142 238 270
212 231 235
234 236 271
131 233 235
93 232 234
52 143 233
66 100 236
67 167 229
147 219 230
48 70 227
226 228 263
174 191 227
57 221 224
159 223 225
75 126 224
46 213 244
205 210 225
206 219 249
50 220 229
145 214 217
216 218 245
185 215 217
130 138 216
161 200 218
108 212 222
211 213 236
177 210 212
209 211 221
41 97 210
83 111 207
196 206 208
205 207 220
204 206 221
203 205 264
160 204 256
51 156 201
96 200 202
199 201 214
198 200 262
195 199 266
132 193 194
133 195 207
32 196 198
36 87 197
158 192 197
191 193 260
190 192 226
189 191 270
113 188 190
59 187 189
186 188 267
30 149 187
79 184 216
183 185 249
182 184 270
99 183 268
44 172 180
179 181 269
178 180 258
29 157 179
27 176 211
120 175 177
151 174 176
173 175 226
172 174 262
171 173 181
170 172 248
134 171 243
42 164 168
167 169 260
166 168 230
165 167 254
76 78 143
75 77 144
74 76 223
64 75 262
60 72 98
71 73 246
70 72 84
69 71 228
68 70 245
67 69 118
66 68 230
65 67 231
64 66 117
9 65 74
33 54 62
61 63 261
60 62 255
8 61 73
6 58 188
57 59 250
56 58 225
55 57 245
54 56 243
53 55 63
52 54 121
51 53 232
50 52 202
45 51 219
31 39 48
47 49 228
46 48 127
45 47 222
5 46 50
4 43 181
42 44 138
41 43 169
40 42 209
39 41 137
38 40 49
37 39 116
36 38 117
35 37 194
14 16 105
1 15 95
0 23 104
1 11 94
10 12 80
9 11 79
8 10 64
7 9 60
6 8 19
5 7 59
0 12 14
1 2 13
0 3 34
2 4 24
3 5 44
4 6 45
15 17 118
16 18 119
17 19 133
7 18 20
19 21 103
20 22 137
21 23 145
13 22 146
3 25 35
24 26 78
25 27 165
26 28 177
27 29 79
28 30 178
29 31 186
30 32 49
31 33 195
32 34 63
2 33 99
24 36 160
25 77 84
10 28 185
11 81 85
80 82 164
81 83 154
82 84 208
71 78 83
80 86 244
85 87 243
86 88 194
87 89 148
88 90 98
89 91 268
90 92 269
91 93 253
92 94 233
12 93 263
14 96 114
95 97 201
96 98 209
73 89 97
34 100 182
99 101 231
100 102 155
101 103 141
20 102 134
13 159 265
15 106 115
105 107 144
106 108 261
107 109 213
108 110 145
109 111 269
110 112 208
111 113 123
112 114 189
95 113 136
105 116 252
38 115 251
37 65 123
16 68 258
17 120 124
119 121 176
53 120 122
121 123 242
112 117 122
119 125 163
124 126 268
125 127 223
47 126 128
127 129 136
128 130 259
129 131 215
130 132 234
131 133 197
18 132 196
103 135 170
134 136 165
114 128 135
21 40 142
43 139 215
138 140 242
139 141 150
102 140 264
137 143 237
77 142 232
76 106 150
22 109 218
23 147 151
146 148 229
88 147 149
148 150 186
140 144 149
146 152 175
151 153 259
152 154 251
82 153 155
101 154 156
155 157 202
156 158 178
157 159 193
104 158 224
35 161 203
160 162 214
161 163 267
124 162 164
81 163 169
26 135 166

34
384
92 193 324
75 206 304
71 198 335
91 212 311
82 200 333
81 215 309
78 230 315
94 197 329
88 220 318
60 195 293
93 223 332
85 210 331
57 226 330
95 199 325
80 237 297
67 229 323
66 201 295
77 218 334
64 217 328
63 216 300
87 207 317
86 192 316
74 205 303
50 221 288
84 209 322
83 239 321
70 236 320
49 211 319
90 228 310
65 227 289
54 214 308
89 204 327
62 203 326
53 202 314
52 238 290
73 196 302
72 208 301
59 233 292
69 235 307
68 234 306
56 225 305
79 213 296
76 194 313
51 232 312
48 231 299
58 222 291
55 224 294
61 219 298
56 207 244
71 192 256
79 230 264
91 202 279
82 194 267
61 228 247
77 227 285
64 214 277
63 193 249
87 234 287
86 209 272
74 198 259
55 206 243
93 205 281
85 196 270
95 216 286
89 213 276
62 212 275
53 200 262
73 223 282
84 195 269
76 199 261
28 32 51
1 10 70
21 25 72
15 19 48
14 42 61
13 17 77
3 6 81
2 20 69
8 24 57
23 39 56
9 12 59
35 38 58
7 10 94
5 33 52
4 6 64
3 31 89
41 43 62
0 31 80
13 18 67
29 34 66
7 11 83
27 45 55
37 46 49
9 25 85
22 26 50
1 2 88
20 24 87
36 39 86
0 18 78
30 34 53
29 47 76
4 17 90
16 47 65
41 44 54
14 19 92
36 40 68
12 35 84
22 38 71
8 11 75
23 27 74
45 46 73
16 44 63
30 43 79
5 42 91
28 33 82
21 26 93
37 40 60
15 32 95
96 150 370
131 170 376
98 152 373
109 175 383
100 162 380
112 178 355
128 149 352
118 169 375
117 156 363
116 155 362
120 151 372
107 145 359
123 181 358
99 161 379
137 191 378
126 188 369
101 163 342
115 172 377
107 132 264
114 124 255
99 130 240
96 143 253
126 128 269
101 114 257
113 124 246
99 143 284
104 122 260
98 119 276
120 141 263
117 135 262
104 134 252
106 119 251
98 141 250
117 136 286
109 140 244
115 125 256
112 138 281
102 111 271
100 130 287
112 129 272
128 137 259
118 136 275
115 126 282
118 142 267
129 137 270
123 131 279
105 135 280
120 133 242
131 142 249
105 123 261
107 133 285
125 138 273
109 139 274
96 140 283
108 116 265
97 121 266
106 132 277
116 134 241
97 108 247
110 127 258
100 139 243
101 127 268
102 110 245
103 122 278
103 121 248
111 113 254
140 173 339
121 179 356
119 190 360
143 174 340
130 185 349
114 147 350
110 176 353
122 153 337
134 165 343
135 189 371
132 171 338
133 183 346
97 168 374
139 160 336
127 148 351
102 157 364
129 158 365
111 177 354
124 186 367
125 187 368
108 166 344
136 167 345
142 180 357
106 164 381
141 184 347
103 146 348
104 154 361
105 182 382
113 144 341
138 159 366
68 220 253
69 221 254
60 210 273
88 211 274
94 224 283
58 239 271
78 201 263
48 229 248
51 237 260
92 203 280
54 204 242
65 217 250
90 238 278
49 197 240
70 222 255
83 233 268
75 225 284
59 226 246
72 235 257
52 215 241
66 218 251
67 219 252
80 231 265
57 208 245
50 236 258
81 232 266
164 312 362
157 306 383
161 301 341
145 290 374
151 298 348
179 326 376
154 289 381
144 319 370
147 294 379
172 321 367
162 288 350
175 291 351
176 316 352
152 299 361
153 300 382
165 313 363
189 334 347
155 295 359
168 296 372
169 297 356
148 305 380
149 330 342
158 307 353
185 332 378
150 292 364
177 293 365
186 302 366
187 329 336
166 314 375
167 315 360
180 327 338
146 308 373
170 309 337
182 310 343
183 311 371
159 320 354
160 335 355
173 322 368
163 303 377
188 304 339
191 317 340
181 328 346
156 323 344
184 324 345
190 325 357
174 331 369
178 318 349
171 333 358
33 179 289
39 185 292
9 176 294
42 153 295
19 165 296
44 189 297
29 183 299
40 160 301
46 173 288
10 157 303
21 177 305
22 186 306
23 187 307
32 166 308
47 167 309
34 180 310
18 164 311
30 184 312
41 190 290
3 154 314
27 174 291
11 144 316
24 147 293
25 172 318
35 163 319
36 188 320
37 191 321
1 161 322
43 181 323
31 145 324
6 151 325
16 171 298
4 155 326
13 168 300
14 169 328
2 148 302
26 149 329
38 158 304
45 178 330
7 162 331
8 175 332
17 152 333
0 146 313
15 170 334
28 182 315
12 159 317
20 150 335
5 156 327
202 248 360
198 240 354
195 258 349
203 260 338
216 241 346
217 262 374
200 242 337
209 243 367
210 244 342
211 245 369
196 271 336
205 246 339
206 273 364
194 247 347
218 275 348
230 249 361
231 277 382
212 250 343
193 251 344
214 252 345
223 253 353
224 254 378
225 255 355
226 256 380
192 257 340
207 282 341
220 259 350
221 284 377
204 261 362
232 285 363
238 263 375
199 264 356
227 265 357
201 266 358
229 267 359
234 268 368
235 269 383
236 270 370
197 272 351
222 287 352
233 274 365
219 276 376
213 278 371
237 279 372
215 280 373
239 281 379
208 283 366
228 286 381

35
400
370 375 395
282 296 369
299 391 396
385 389 397
308 309 399
302 384 385
390 391 392
388 389 393
387 393 397
380 385 393
386 392 396
382 383 392
382 384 391
303 373 389
390 394 396
282 387 394
277 370 388
380 387 388
375 378 379
375 382 390
309 377 381
308 374 381
369 376 379
368 371 377
380 381 399
356 369 378
277 371 386
353 368 370
364 373 376
372 383 399
374 377 398
308 372 376
357 364 366
353 362 367
358 359 364
365 367 371
360 361 362
352 363 366
349 351 363
346 350 363
342 355 365
340 354 365
354 355 367
344 345 374
351 357 359
350 357 358
350 366 372
341 345 362
309 355 361
353 354 360
341 348 361
340 343 349
342 343 346
341 347 360
343 352 356
340 342 356
345 347 348
344 347 359
346 349 352
344 348 358
322 328 329
322 325 334
305 326 336
325 329 337
162 163 175
152 153 306
159 165 167
158 165 166
158 159 174
149 153 170
161 163 169
161 162 168
149 156 169
148 151 157
150 151 154
155 168 328
151 160 164
148 150 164
153 155 156
152 155 167
157 160 320
152 156 166
114 142 143
114 140 141
136 138 143
136 137 140
130 145 147
126 137 147
138 139 146
81 144 146
133 137 141
126 141 145
139 142 144
118 144 145
132 133 134
120 129 135
127 135 139
117 131 135
128 130 132
116 131 143
122 128 134
127 129 131
124 128 133
108 138 142
115 120 124
99 125 127
41 115 122
112 123 129
43 117 120
121 125 134
109 115 117
114 116 136
119 121 132
78 118 130
119 123 125
118 146 147
103 110 112
108 113 122
104 105 110
102 111 113
106 107 119
98 112 126
95 97 109
92 96 109
88 101 111
86 100 111
100 101 113
90 91 110
97 103 105
96 103 104
96 97 124
87 91 108
99 101 107
99 100 106
87 94 107
86 89 95
88 89 92
87 93 106
89 98 102
86 88 102
91 93 94
90 93 105
92 95 98
90 94 104
63 70 75
63 69 73
4 59 77
58 59 76
79 80 140
76 77 81
70 72 81
69 74 116
31 56 57
37 38 49
7 30 32
33 44 46
35 54 55
33 38 54
26 27 28
24 25 29
12 17 29
11 15 29
5 19 28
0 18 28
20 21 22
18 19 23
12 14 23
11 16 23
22 25 61
6 22 24
10 27 39
2 20 36
1 3 25
8 55 83
0 2 5
3 14 16
3 8 24
5 6 9
1 7 18
6 10 33
0 4 9
1 8 13
7 15 17
13 20 26
13 21 27
9 11 12
2 15 21
10 14 26
16 37 48
34 36 40
30 34 39
17 38 67
37 45 47
50 56 123
43 51 57
42 64 121
32 45 51
40 44 56
32 47 50
40 46 57
36 52 54
34 52 55
41 46 53
42 44 53
48 49 53
50 51 52
30 31 48
4 31 49
35 41 45
35 42 47
61 66 82
63 82 83
61 72 283
19 58 60
66 77 288
59 84 85
43 65 76
64 68 285
58 62 67
39 66 71
65 73 75
71 78 84
71 79 85
67 69 70
60 73 79
68 72 84
75 78 313
68 74 85
64 80 82
62 80 83
148 162 202
150 163 173
154 158 171
157 159 171
160 171 174
168 169 170
173 175 178
167 172 187
161 170 175
165 172 174
184 194 208
181 187 195
172 188 196
181 189 304
181 188 198
177 179 180
183 206 207
182 208 209
176 185 206
184 195 209
187 189 194
173 177 186
178 180 193
179 186 193
192 207 240
200 209 246
190 201 208
188 189 197
176 186 203
177 185 261
178 199 200
193 199 201
180 199 204
196 197 198
191 196 205
192 197 205
166 203 206
194 202 265
198 205 207
200 201 204
182 184 202
182 190 204
176 183 192
183 185 191
218 234 269
215 216 219
213 224 226
212 215 244
217 218 229
211 213 235
211 217 228
214 216 220
210 214 219
211 218 223
217 225 227
223 230 236
223 231 237
219 221 222
212 225 231
220 224 236
212 227 230
220 226 237
216 232 234
214 232 235
221 226 233
222 224 233
228 229 233
230 231 232
210 228 238
215 229 238
221 225 249
222 227 239
234 235 239
237 238 266
190 244 248
245 249 270
256 257 264
247 261 271
213 240 245
241 244 261
191 247 270
243 246 268
240 249 271
236 241 248
253 254 272
258 259 264
256 258 274
250 258 262
250 256 263
257 259 275
242 252 254
242 255 262
251 252 253
251 255 263
264 274 275
195 243 245
253 257 265
254 259 265
242 251 260
203 262 263
239 267 274
266 268 272
247 267 269
210 268 275
241 246 273
243 248 273
250 267 273
270 271 272
252 260 266
255 260 269
280 284 294
282 373 383
280 283 295
281 283 284
276 278 292
279 288 292
277 384 398
60 278 279
276 279 285
65 284 297
289 290 296
289 291 297
62 281 298
286 287 302
286 293 294
287 293 295
280 281 300
290 291 303
276 290 323
278 291 301
286 310 398
285 287 299
288 299 302
297 298 397
292 301 303
295 300 316
289 298 394
293 300 386
179 314 318
322 331 337
164 315 319
311 312 323
368 378 395
351 379 395
296 311 314
307 310 319
307 313 318
74 312 315
304 310 317
306 313 317
301 317 324
314 315 316
304 312 321
306 311 321
149 321 330
318 319 320
305 338 339
294 307 327
316 329 332
333 336 338
327 332 337
323 326 334
154 335 339
324 336 339
320 331 333
305 330 335
324 326 333
325 330 332
327 335 338
328 331 334

36
620
604 610 618
600 612 619
585 611 615
579 603 614
575 613 617
572 599 616
552 568 615
549 554 618
543 559 617
538 564 619
534 557 598
527 601 602
519 598 605
511 541 602
504 546 607
503 536 619
498 517 616
496 606 608
489 562 608
488 513 618
483 525 614
481 607 609
475 499 548
469 576 580
467 551 571
462 577 581
459 493 583
456 502 553
452 560 581
449 570 583
442 524 555
439 537 558
436 571 582
431 530 576
429 477 617
427 484 565
421 590 593
419 567 587
414 591 594
412 478 596
410 437 616
408 487 569
404 544 594
401 586 596
396 444 615
394 516 539
391 514 542
389 458 614
388 587 595
383 522 590
381 402 578
380 416 613
376 535 582
374 422 442
373 505 584
372 418 610
369 490 537
367 445 601
365 427 450
363 486 591
359 433 611
358 470 588
356 426 609
355 487 531
351 508 589
350 453 612
349 450 592
348 464 613
344 512 595
342 394 470
339 466 612
338 490 597
337 505 514
335 397 605
333 402 475
331 501 577
327 385 611
326 422 573
324 474 606
323 502 508
319 531 574
318 405 610
317 563 588
316 432 604
315 336 567
313 392 609
311 340 478
311 363 437
310 539 556
309 492 586
309 354 444
308 379 495
307 342 608
307 391 435
305 448 599
304 463 589
303 330 500
301 507 570
301 322 396
300 347 480
299 374 607
299 387 439
297 400 603
296 415 574
295 362 485
293 547 573
292 384 600
291 368 551
289 440 606
287 370 493
287 331 389
286 540 555
285 353 522
285 344 458
284 547 565
282 406 605
281 460 604
280 540 592
278 354 544
277 377 523
275 435 597
274 471 603
272 408 463
272 365 602
271 328 528
270 336 477
270 510 593
269 321 530
269 376 410
268 548 563
266 454 601
265 413 600
264 556 578
262 322 560
261 345 515
259 387 584
258 423 599
256 415 456
256 333 598
255 360 520
254 368 429
254 533 580
253 494 585
253 305 318
252 545 597
251 375 541
250 312 398
249 378 383
249 335 498
248 550 558
248 286 596
247 263 403
246 417 595
246 273 549
245 294 419
245 282 552
244 497 524
244 369 594
243 320 411
242 343 503
242 399 593
241 506 572
241 265 359
240 482 592
239 357 407
238 298 489
237 306 554
237 386 591
236 290 420
235 553 561
235 268 590
234 356 525
234 329 412
233 283 425
232 332 562
231 529 575
231 274 372
230 566 589
229 334 393
228 257 511
227 518 588
226 292 348
226 532 579
225 323 587
225 499 526
224 260 404
224 313 559
223 364 536
223 424 586
222 371 382
221 479 585
221 297 350
220 561 584
219 343 557
218 288 446
217 346 431
217 367 483
216 542 566
216 310 583
215 279 451
214 465 582
214 257 564
213 302 467
213 266 568
212 482 516
212 337 581
211 375 488
211 447 580
210 352 461
209 491 579
209 281 327
208 497 578
207 325 455
206 306 504
205 298 538
205 434 577
204 314 468
203 545 569
203 284 576
202 324 517
202 361 459
201 267 473
200 364 546
199 521 575
199 258 339
198 550 574
197 366 441
196 273 534
195 526 573
194 316 380
194 509 572
193 355 571
193 484 518
192 276 452
192 289 543
191 332 513
191 472 570
190 341 430
189 236 569
189 390 568
188 218 528
188 260 472
187 198 500
187 491 567
186 413 474
186 519 566
185 312 565
185 443 564
184 263 430
184 206 510
183 462 563
183 479 512
182 423 562
182 280 393
181 496 561
181 397 432
180 532 560
180 252 515
179 302 399
179 233 480
178 457 559
178 215 558
177 293 455
177 448 557
176 388 556
176 501 529
175 228 507
175 314 411
174 267 555
174 428 554
173 204 553
173 438 552
172 250 520
172 276 424
171 230 485
171 506 551
170 426 460
170 527 550
169 279 382
169 238 533
168 395 549
168 288 548
167 414 547
167 494 535
81 332 333
81 330 331
80 328 329
80 326 327
79 324 325
79 322 323
78 320 321
78 318 319
77 316 317
77 314 315
76 312 313
76 310 311
75 308 309
75 306 307
74 304 305
74 302 303
73 300 301
73 298 299
72 296 297
72 294 295
71 292 293
71 290 291
70 288 289
70 286 287
69 284 285
69 282 283
68 280 281
68 278 279
67 276 277
67 274 275
66 272 273
66 270 271
65 268 269
65 266 267
64 264 265
64 262 263
63 260 261
63 258 259
62 256 257
62 254 255
61 252 253
61 250 251
60 248 249
60 246 247
59 244 245
59 242 243
58 240 241
58 238 239
57 236 237
57 234 235
56 232 233
56 230 231
55 228 229
55 226 227
54 224 225
54 222 223
53 220 221
53 218 219
52 216 217
52 214 215
51 212 213
51 210 211
50 208 209
50 206 207
49 204 205
49 202 203
48 200 201
48 198 199
47 196 197
47 194 195
46 192 193
46 190 191
45 188 189
45 186 187
44 184 185
44 182 183
43 180 181
43 178 179
42 176 177
42 174 175
41 172 173
41 170 171
40 168 169
40 166 167
39 164 165
39 162 163
38 160 161
38 158 159
16 72 73
16 70 71
15 68 69
15 66 67
14 64 65
14 62 63
13 60 61
13 58 59
12 56 57
12 54 55
11 52 53
11 50 51
10 48 49
10 46 47
9 44 45
9 42 43
8 40 41
8 38 39
7 36 37
7 34 35
1 12 13
1 10 11
0 8 9
0 6 7
1 2 3
0 4 5
2 14 15
2 16 17
3 18 19
3 20 21
4 22 23
4 24 25
5 26 27
5 28 29
6 30 31
6 32 33
17 74 75
17 76 77
18 78 79
18 80 81
19 82 83
19 84 85
20 86 87
20 88 89
21 90 91
21 92 93
22 94 95
22 96 97
23 98 99
23 100 101
24 102 103
24 104 105
25 106 107
25 108 109
26 110 111
26 112 113
27 114 115
27 116 117
28 118 119
28 120 121
29 122 123
29 124 125
30 126 127
30 128 129
31 130 131
31 132 133
32 134 135
32 136 137
33 138 139
33 140 141
34 142 143
34 144 145
35 146 147
35 148 149
36 150 151
36 152 153
37 154 155
37 156 157
82 334 335
82 336 337
83 338 339
83 340 341
84 342 343
84 344 345
85 346 347
85 348 349
86 350 351
86 352 353
87 354 355
87 356 357
88 358 359
88 360 361
89 362 363
89 364 365
90 366 367
90 368 369
91 370 371
91 372 373
92 374 375
92 376 377
93 378 379
93 380 381
94 304 382
94 383 384
95 385 386
95 387 388
96 389 390
96 255 391
97 321 392
97 295 393
98 377 394
98 395 396
99 291 397
99 328 398
100 399 400
100 401 402
101 349 403
101 404 405
102 370 406
102 261 407
103 300 408
103 409 410
104 275 411
104 412 413
105 414 415
105 416 417
106 418 419
106 358 420
107 421 422
107 423 424
108 379 425
108 262 426
109 330 427
109 428 429
110 296 430
110 431 432
111 433 434
111 435 436
112 437 438
112 271 439
113 353 440
113 303 441
114 345 442
114 443 444
115 315 445
115 360 446
116 447 448
116 449 450
117 381 451
117 452 453
118 340 454
118 277 455
119 308 456
119 457 458
120 459 460
120 259 461
121 462 463
121 464 465
122 466 467
122 326 468
123 469 470
123 471 472
124 347 473
124 278 474
125 362 475
125 476 477
126 478 479
126 195 480
127 481 482
127 418 440
128 395 483
128 243 484
129 378 434
129 207 485
130 219 486
130 371 468
131 334 487
131 457 488
132 416 489
132 351 398
133 449 490
133 491 492
134 493 494
134 227 495
135 496 497
135 392 466
136 443 498
136 210 499
137 346 386
137 239 500
138 251 501
138 341 420
139 366 502
139 409 503
140 464 504
140 319 446
141 401 505
141 506 507
142 469 508
142 509 510
143 338 425
143 385 511
144 320 451
144 200 512
145 438 513
145 357 514
146 329 465
146 197 515
147 222 516
147 428 517
148 405 454
148 518 519
149 208 520
149 521 522
150 361 417
150 229 523
151 190 524
151 476 525
152 406 453
152 526 527
153 240 528
153 529 530
154 421 531
154 532 533
155 373 473
155 433 534
156 352 403
156 232 535
157 390 536
157 325 537
158 476 538
158 283 539
159 290 461
159 196 492
160 486 521
160 436 540
161 400 541
161 317 407
162 247 542
162 409 543
163 201 495
163 294 447
164 220 523
164 509 544
165 384 445
165 481 545
166 264 441
166 471 546

37
600
596 597 598
480 595 599
569 574 599
567 572 599
592 594 598
568 578 595
487 590 592
573 593 595
487 544 589
586 587 593
585 588 591
545 580 589
569 571 590
566 572 590
581 584 589
578 579 585
545 555 579
562 578 580
553 577 585
576 582 588
576 583 584
582 584 594
568 570 581
480 579 580
567 568 574
566 575 597
569 572 592
573 586 596
567 570 587
566 571 577
573 587 597
575 577 594
571 575 596
570 574 586
562 563 564
554 559 565
552 560 565
551 565 582
551 554 560
544 561 563
555 558 564
552 553 559
544 550 556
540 554 557
285 559 583
556 561 564
547 558 581
540 558 563
550 561 562
530 551 557
546 547 548
534 543 549
541 549 553
295 531 549
542 583 588
557 560 591
426 536 548
480 487 545
430 538 547
532 552 556
529 534 538
528 539 541
529 530 536
528 537 543
530 531 534
535 539 548
529 531 532
528 533 540
533 535 546
535 537 550
533 537 539
532 536 538
516 520 525
516 519 522
340 523 527
340 518 519
521 522 525
517 523 526
494 506 523
335 517 527
473 524 526
494 504 524
500 520 522
453 526 527
507 512 514
497 499 515
510 511 512
506 513 515
501 509 513
495 499 513
500 508 511
498 499 509
495 503 515
475 512 521
496 503 504
335 505 518
502 505 507
470 497 503
496 497 511
495 509 517
508 510 514
467 496 508
501 502 514
498 501 505
500 507 510
453 518 521
475 478 483
475 477 481
467 471 485
466 467 484
185 486 488
484 485 489
542 591 593
477 482 489
470 488 491
472 488 490
476 482 493
468 483 486
36 476 492
542 576 598
447 477 478
181 479 493
479 486 492
473 481 483
492 493 506
459 466 470
472 476 519
441 473 484
445 469 491
474 485 502
466 468 471
77 469 482
490 491 498
469 474 490
455 462 464
451 460 465
456 457 462
454 463 465
458 459 460
450 461 464
348 461 474
444 448 461
426 440 463
438 452 463
432 452 465
442 443 462
449 494 516
448 455 456
351 448 464
439 443 460
335 340 453
451 452 458
439 446 479
438 441 447
440 444 471
439 445 458
441 450 454
438 440 454
443 446 472
442 445 457
444 447 450
442 446 456
412 418 436
434 435 437
432 433 436
410 423 436
429 431 435
427 435 455
418 428 433
410 418 541
412 425 433
423 427 431
425 428 432
411 457 543
422 427 429
350 410 412
406 428 434
400 408 425
369 413 420
403 405 421
368 416 417
430 431 437
407 415 419
401 405 419
406 414 417
404 405 415
401 409 421
424 429 437
402 409 426
424 430 434
408 411 413
403 409 422
402 403 417
401 415 423
414 416 420
400 402 414
407 408 420
404 407 411
406 413 416
339 404 422
383 387 398
396 397 399
364 369 398
362 370 398
384 385 394
367 383 395
374 375 392
367 377 393
388 389 390
377 382 391
351 386 391
367 380 391
366 377 399
376 381 389
361 380 395
374 376 395
365 394 399
356 376 390
378 380 386
381 385 388
357 374 378
363 379 381
387 390 392
382 384 386
372 373 393
379 384 393
364 371 375
362 368 375
363 370 373
365 371 396
365 397 421
363 372 419
388 392 394
362 364 387
369 370 383
366 373 397
368 371 378
366 372 396
358 360 385
347 356 361
352 353 358
350 359 361
354 355 379
346 360 382
343 345 357
316 344 357
336 349 359
334 348 359
349 389 451
338 358 424
345 351 353
344 352 459
344 345 360
290 339 356
347 349 355
347 348 354
280 342 355
334 337 343
322 336 337
449 524 525
337 346 400
334 336 350
339 341 342
338 341 353
161 163 164
64 165 172
165 167 173
167 172 180
165 171 179
168 178 192
149 156 158
145 154 159
150 151 156
148 157 159
152 153 154
144 155 158
141 143 155
138 142 155
134 147 157
132 157 191
146 147 159
136 137 156
143 149 151
142 149 175
142 143 158
133 154 218
145 147 153
145 146 152
133 140 153
132 135 141
134 135 138
139 152 192
135 148 220
132 134 148
137 139 140
136 139 151
141 144 185
136 140 150
92 108 123
92 106 107
110 123 128
121 124 129
124 125 126
100 123 127
119 122 127
118 127 128
126 129 131
106 110 125
119 120 128
100 106 121
102 121 125
96 104 124
109 114 116
99 101 117
112 113 114
108 115 117
103 111 115
97 101 115
90 102 113
95 122 129
97 105 117
96 114 131
98 105 130
120 122 130
104 107 109
99 105 118
98 99 113
97 111 119
94 112 116
95 120 126
103 104 116
79 103 107
102 109 112
77 108 118
100 110 181
9 91 101
21 78 83
130 131 230
71 85 94
66 84 111
86 87 88
84 85 89
78 80 89
77 82 89
70 88 91
72 88 90
76 82 93
68 83 86
28 76 80
68 81 87
75 78 98
79 87 93
31 34 43
7 35 44
29 40 63
52 54 62
35 36 40
39 43 51
33 44 50
42 46 81
17 24 26
13 22 27
18 19 24
16 25 27
20 21 22
12 23 26
11 23 93
6 10 23
2 15 25
0 14 25
14 15 27
4 5 24
3 12 16
0 2 16
5 7 8
4 19 42
4 8 18
6 9 40
1 7 20
3 6 34
0 3 9
1 8 94
13 14 20
13 15 21
5 22 39
10 11 26
10 17 18
11 17 19
31 37 481
36 39 47
52 58 65
12 30 37
1 31 33
54 61 65
2 28 45
30 35 45
29 34 48
42 43 48
28 49 62
37 49 50
44 45 49
46 47 48
29 47 56
30 53 57
32 38 53
51 52 60
32 41 57
58 61 63
50 59 60
51 54 59
38 55 59
56 57 58
53 56 61
41 55 60
32 46 64
33 55 64
62 63 164
38 41 188
69 74 90
71 72 75
69 80 82
66 68 71
73 74 85
67 69 91
67 73 84
70 72 76
66 70 75
67 74 79
73 81 83
86 96 468
167 171 186
162 163 166
160 169 190
168 179 193
171 173 178
161 166 170
162 164 177
163 170 177
176 190 191
146 184 193
174 192 193
172 173 181
160 170 187
161 169 187
162 184 212
95 177 478
198 206 257
198 256 262
175 180 189
133 189 489
166 187 190
178 179 186
65 189 191
184 185 188
168 174 186
150 174 188
138 160 176
169 175 176
202 208 212
199 210 216
205 209 217
202 206 248
182 183 228
195 229 235
201 204 210
200 209 251
194 197 203
202 205 213
200 207 208
196 203 207
182 197 207
204 205 206
194 204 211
196 201 211
195 200 214
208 209 214
180 194 215
203 215 216
210 211 215
212 213 214
195 213 222
196 219 223
144 219 232
217 218 226
137 223 233
224 227 229
216 225 226
217 220 225
221 225 232
222 223 224
219 222 227
221 226 233
198 240 249
199 221 230
92 229 231
230 232 233
218 224 231
220 227 231
238 246 256
199 247 250
238 241 245
241 242 254
234 236 248
248 250 254
228 259 266
236 237 251
237 243 256
242 245 247
245 258 260
236 243 244
234 252 261
235 243 255
197 238 239
228 263 265
235 239 253
201 241 253
246 253 255
250 251 252
237 239 255
247 252 254
183 234 242
182 259 263
244 259 264
240 257 258
244 263 267
246 264 267
183 265 266
249 257 260
258 261 265
249 262 264
240 262 267
260 261 266
272 276 286
274 277 280
272 275 287
273 275 276
268 270 284
271 280 284
269 275 288
270 271 274
268 271 277
269 276 289
281 282 288
281 283 289
269 273 343
278 279 294
278 286 324
279 285 287
272 273 292
283 319 555
268 282 293
270 283 293
274 278 291
277 279 291
291 294 346
288 289 290
284 293 323
286 287 292
281 290 295
294 331 546
300 304 312
302 305 310
300 303 328
303 304 311
296 298 301
300 311 314
297 303 306
298 299 302
296 299 305
297 304 307
302 309 312
305 309 328
309 310 315
306 307 308
297 308 311
299 301 310
296 306 330
317 318 330
301 315 326
308 314 331
320 329 354
313 319 322
313 320 321
285 317 333
316 318 324
318 323 333
317 325 341
292 321 325
282 320 327
322 323 327
314 327 329
324 325 326
298 307 329
316 326 328
312 313 332
295 315 332
330 331 333
319 321 332
338 342 352
449 504 520

38
800
795 797 798
769 786 799
743 796 799
785 789 797
115 794 799
784 785 795
741 790 792
788 789 793
709 780 781
780 785 793
114 792 796
782 783 792
709 772 783
773 784 798
790 794 796
748 786 794
773 787 788
751 780 788
778 779 791
782 790 791
683 777 781
674 774 781
769 776 779
768 771 777
770 771 774
769 775 778
16 783 786
768 770 787
24 775 776
683 772 775
774 777 798
674 772 776
730 740 766
764 765 767
733 735 766
731 760 766
746 760 762
745 750 763
757 759 760
761 763 764
753 758 761
747 751 759
748 756 761
746 747 757
752 753 754
750 751 755
749 755 759
742 747 755
754 758 782
744 754 762
744 746 753
735 757 784
752 756 758
749 756 763
734 735 762
742 749 750
710 742 797
743 744 752
732 739 793
738 739 767
731 740 741
696 733 740
730 732 733
719 730 731
745 748 765
701 732 745
737 738 765
734 737 741
736 739 764
736 737 767
726 727 728
724 725 729
653 703 729
694 710 729
669 722 728
702 720 728
718 719 722
716 723 725
712 713 720
700 721 724
715 723 736
655 714 723
714 715 716
698 717 722
711 717 719
696 717 718
695 703 721
694 704 721
706 707 715
666 726 743
708 787 791
674 683 709
327 334 339
326 330 335
330 332 336
327 333 344
327 329 351
333 334 345
326 328 331
329 340 342
331 332 335
329 334 350
312 314 319
255 312 313
160 321 322
292 301 323
318 319 323
352 368 383
317 321 325
278 311 321
259 316 319
308 311 317
352 366 367
169 310 325
173 309 324
308 324 325
310 316 318
307 311 314
302 307 313
312 316 341
306 309 310
290 300 307
91 295 304
291 302 305
300 301 302
303 304 309
299 303 322
296 303 306
291 298 301
71 290 299
293 370 383
81 291 300
274 294 305
290 292 295
297 381 384
77 294 322
296 299 304
294 298 306
286 287 288
284 285 289
263 269 289
254 270 289
268 282 288
262 280 288
278 279 282
276 283 285
272 273 280
260 281 284
270 275 283
269 283 318
274 275 276
258 277 282
277 279 353
256 277 295
255 263 281
254 264 281
266 267 354
268 279 286
268 278 287
269 270 285
257 264 271
256 258 271
255 260 264
265 267 272
262 273 287
254 263 284
256 257 260
261 265 280
257 258 317
259 266 276
259 261 267
261 266 274
265 273 324
262 272 286
185 250 252
244 247 253
189 238 245
241 249 253
245 248 250
226 242 249
245 246 252
242 243 247
247 249 251
226 240 252
239 241 246
228 246 248
240 243 250
174 241 244
222 226 243
216 224 251
229 234 236
219 221 237
232 233 234
228 235 237
223 231 235
217 221 235
222 230 233
220 221 231
217 225 237
216 234 242
177 218 225
239 244 248
224 227 229
219 225 238
218 219 233
217 231 239
230 232 236
216 218 230
223 224 236
220 223 227
222 229 232
220 228 238
191 197 202
182 198 202
184 196 210
184 190 208
206 207 210
204 211 213
200 201 208
188 209 212
198 203 211
160 197 211
155 203 204
186 205 210
199 205 207
184 214 215
183 191 209
182 192 209
194 195 203
196 207 214
196 206 215
197 198 213
185 192 199
179 186 199
183 188 192
193 195 200
190 201 215
182 191 212
178 188 251
189 193 208
183 185 186
187 194 204
187 195 253
202 212 213
187 193 201
190 200 214
171 178 180
167 176 181
172 173 194
170 181 189
175 176 227
166 177 180
163 165 177
160 164 240
156 179 313
154 168 179
168 169 181
158 159 178
165 171 314
164 171 172
164 165 180
155 159 176
79 89 292
2 81 91
30 71 80
78 80 87
66 72 89
59 73 84
75 79 298
54 64 88
57 59 68
55 66 69
64 65 66
67 68 73
63 67 86
60 67 70
55 62 65
54 57 63
56 57 60
61 64 153
58 69 72
54 56 59
61 62 69
58 61 86
63 68 143
58 62 70
46 47 52
20 44 53
48 49 50
40 45 51
37 39 51
34 38 51
30 43 53
28 42 53
23 41 50
32 33 52
1 39 47
6 38 46
38 39 45
29 33 50
41 43 49
41 42 48
29 36 49
28 31 37
11 17 19
10 17 18
10 11 26
1 5 22
13 15 21
13 14 20
1 8 21
0 3 9
2 3 6
7 20 42
9 12 43
4 8 18
7 19 76
5 7 8
0 16 78
3 12 16
4 5 773
14 15 27
0 14 25
2 15 25
6 10 52
9 11 23
12 23 26
21 22 45
25 27 771
18 19 24
13 22 27
17 24 26
32 36 46
34 37 40
35 47 75
33 35 36
28 44 88
31 40 44
29 35 48
30 31 34
4 74 82
71 77 82
74 75 83
76 83 296
78 79 85
80 81 85
72 85 87
82 83 84
56 65 87
74 84 86
32 70 125
73 77 90
89 91 142
76 90 305
96 100 110
98 101 140
96 99 111
97 99 100
92 94 108
95 104 108
93 99 112
94 95 98
92 95 101
93 100 113
105 106 112
105 107 113
97 114 142
102 103 118
102 109 110
103 109 111
96 97 116
106 107 119
92 106 117
94 107 117
98 102 150
101 103 115
104 118 789
113 147 795
108 117 119
110 111 116
105 114 119
109 116 118
124 128 136
126 129 134
124 127 138
127 128 135
120 122 140
88 135 148
121 127 130
122 123 126
120 123 129
121 128 131
126 133 136
129 133 138
133 134 141
130 131 132
121 132 135
123 125 134
120 130 137
136 141 145
122 131 139
138 144 150
93 124 141
132 137 140
90 104 151
55 149 152
139 148 153
137 147 149
147 151 153
115 145 146
125 144 149
143 145 148
112 139 152
142 146 152
143 150 151
60 144 146
158 162 172
163 166 205
158 161 173
159 161 162
154 156 170
157 166 170
174 206 323
156 157 337
154 157 163
155 162 175
167 168 174
167 169 175
333 341 343
161 346 356
339 347 353
335 338 358
328 341 347
308 336 340
328 343 346
336 342 353
332 348 350
330 348 351
337 342 349
338 340 349
344 345 349
346 347 348
326 344 371
331 345 354
315 320 355
275 338 343
271 351 361
352 360 370
337 368 378
362 369 372
339 363 367
363 364 376
355 380 386
354 372 376
357 371 379
358 359 373
359 365 378
364 367 369
315 380 382
315 358 365
320 356 374
357 365 377
297 355 382
350 362 373
357 361 375
363 371 375
368 375 377
372 373 374
359 361 377
369 374 376
356 364 384
362 381 385
360 366 381
293 379 380
366 370 385
297 320 386
293 378 387
379 382 387
360 383 387
384 385 386
392 396 406
397 400 478
392 395 407
393 395 396
388 390 404
391 400 404
395 408 494
390 391 394
388 391 397
389 396 409
401 402 408
401 403 409
389 393 410
398 399 414
398 405 406
399 405 407
392 393 412
402 403 415
388 402 427
390 403 413
394 398 661
397 399 411
400 411 414
409 410 436
404 413 415
407 412 426
401 410 415
405 412 414
420 424 434
425 428 451
420 423 435
421 423 424
416 418 432
419 428 432
423 436 445
418 419 422
416 419 425
417 424 437
413 429 438
406 431 437
417 421 438
426 433 440
434 483 677
427 433 435
420 421 446
429 431 489
416 430 441
418 431 441
411 422 439
425 427 439
426 428 439
436 437 438
429 441 460
434 435 440
450 455 464
448 451 454
446 449 461
422 447 615
432 444 458
445 454 458
443 449 462
444 448 607
442 459 466
417 443 463
455 456 462
455 457 463
443 447 464
442 452 453
452 459 460
453 459 461
446 447 682
450 456 457
440 456 467
444 457 467
448 452 465
451 453 465
442 454 465
462 463 464
450 467 687
460 461 466
472 476 486
474 477 480
472 475 487
473 475 476
468 470 484
471 480 603
469 475 488
470 471 474
468 471 477
469 476 489
389 479 488
478 481 496
469 473 490
479 505 511
485 486 512
430 485 487
472 492 604
482 483 495
468 482 493
470 483 493
474 478 491
433 477 491
480 491 504
488 489 490
484 493 495
486 487 492
394 495 514
485 492 494
479 526 527
501 507 515
503 508 516
501 503 509
501 508 518
497 499 500
503 507 522
498 499 502
490 505 526
481 504 515
507 509 514
497 502 506
498 500 513
499 506 513
511 512 527
481 510 520
482 510 521
508 509 517
494 506 523
497 505 523
498 519 520
513 519 521
500 519 524
516 517 518
511 516 525
512 517 525
502 523 526
514 515 522
518 525 527
520 521 524
496 504 522
496 510 524
532 536 546
534 537 540
532 535 547
533 535 536
528 530 544
531 540 544
529 535 548
530 531 534
528 531 537
529 536 549
541 542 548
541 543 549
529 533 550
538 539 554
538 545 546
539 545 547
532 533 559
542 543 555
528 542 582
530 543 553
534 538 551
537 539 551
540 551 554
548 549 550
553 555 558
547 552 567
541 550 555
545 552 554
564 574 588
561 567 575
552 568 576
544 561 569
561 568 578
557 559 560
563 586 587
562 588 589
556 565 586
564 575 589
567 569 574
553 557 566
558 560 573
559 566 573
572 587 592
580 589 605
570 581 588
568 569 577
556 566 583
557 565 598
558 579 580
573 579 581
560 579 584
576 577 578
571 576 585
572 577 585
546 583 586
574 582 600
578 585 587
580 581 584
562 564 582
562 570 584
556 563 572
563 565 571
596 597 612
596 599 624
570 597 601
597 598 625
598 599 612
605 608 625
590 591 600
590 592 593
575 593 594
591 594 601
583 596 603
592 599 603
612 624 625
473 600 601
484 609 610
571 595 622
609 616 623
449 616 618
595 611 617
604 606 613
604 614 622
608 614 618
590 594 602
609 615 619
610 611 615
445 613 614
606 607 617
608 616 621
607 611 619
613 618 621
621 623 624
617 619 620
605 610 623
606 620 622
591 602 620
593 595 602
629 634 650
631 632 689
629 640 642
626 628 631
633 634 645
627 629 651
627 633 644
630 632 636
626 630 635
634 639 682
633 641 643
639 646 652
639 647 679
635 637 638
628 641 647
636 640 652
628 643 646
636 642 653
632 648 650
630 648 651
637 642 649
638 640 649
644 645 649
646 647 648
626 644 654
631 645 654
637 641 655
643 670 727
650 651 655
652 654 718
660 664 690
662 665 686
660 663 691
661 663 664
656 658 672
408 659 688
657 663 666
658 659 662
656 659 665
657 664 667
662 690 710
665 669 691
670 675 678
667 675 725
653 668 676
672 676 688
660 671 693
678 682 684
708 768 778
668 669 693
670 671 680
430 680 684
668 673 681
638 681 685
676 677 681
678 679 680
458 635 673
708 770 779
673 677 685
679 684 687
657 687 689
466 685 686
661 671 689
627 686 688
656 666 692
658 667 692
690 691 693
672 675 692
702 712 726
699 705 713
706 714 738
699 701 707
699 706 716
695 697 698
701 705 720
697 700 734
694 703 724
702 713 727
705 707 712
695 700 704
696 698 711
697 704 711

39
960
275 429 703
274 428 702
273 430 701
272 431 700
277 425 699
276 424 698
278 426 697
279 427 696
267 421 719
266 420 718
265 422 717
264 423 716
269 417 715
268 416 714
270 418 713
271 419 712
283 413 711
282 412 710
281 414 709
280 415 708
285 409 707
284 408 706
286 410 705
287 411 704
251 405 679
250 404 678
249 406 677
248 407 676
253 401 675
252 400 674
254 402 673
255 403 672
243 397 695
242 396 694
241 398 693
240 399 692
245 393 691
244 392 690
246 394 689
247 395 688
259 389 687
258 388 686
257 390 685
256 391 684
261 385 683
260 384 682
262 386 681
263 387 680
227 473 747
226 472 746
225 474 745
224 475 744
229 478 749
228 479 748
230 476 750
231 477 751
219 465 763
218 464 762
217 466 761
216 467 760
221 470 765
220 471 764
222 468 766
223 469 767
235 457 755
234 456 754
233 458 753
232 459 752
237 462 757
236 463 756
238 460 758
239 461 759
203 449 723
202 448 722
201 450 721
200 451 720
205 454 725
204 455 724
206 452 726
207 453 727
195 441 739
194 440 738
193 442 737
192 443 736
197 446 741
196 447 740
198 444 742
199 445 743
211 433 731
210 432 730
209 434 729
208 435 728
213 438 733
212 439 732
214 436 734
215 437 735
96 467 523
97 466 522
99 465 521
98 464 520
103 469 525
102 468 524
101 470 526
100 471 527
112 459 515
113 458 514
115 457 513
114 456 512
119 461 517
118 460 516
117 462 518
116 463 519
104 475 507
105 474 506
107 473 505
106 472 504
111 477 509
110 476 508
109 478 510
108 479 511
120 443 499
121 442 498
123 441 497
122 440 496
127 445 501
126 444 500
125 446 502
124 447 503
136 435 491
137 434 490
139 433 489
138 432 488
143 437 493
142 436 492
141 438 494
140 439 495
128 451 483
129 450 482
131 449 481
130 448 480
135 453 485
134 452 484
133 454 486
132 455 487
151 419 573
150 418 572
149 417 574
148 416 575
147 421 569
146 420 568
145 422 570
144 423 571
167 411 565
166 410 564
165 409 566
164 408 567
163 413 561
162 412 560
161 414 562
160 415 563
159 427 557
158 426 556
157 425 558
156 424 559
155 429 553
154 428 552
153 430 554
152 431 555
175 395 549
174 394 548
173 393 550
172 392 551
171 397 545
170 396 544
169 398 546
168 399 547
191 387 541
190 386 540
189 385 542
188 384 543
187 389 537
186 388 536
185 390 538
184 391 539
183 403 533
182 402 532
181 401 534
180 400 535
179 405 529
178 404 528
177 406 530
176 407 531
22 484 896
23 485 897
20 487 899
21 486 898
18 480 903
19 481 902
16 483 901
17 482 900
14 500 888
15 501 889
12 503 891
13 502 890
10 496 895
11 497 894
8 499 893
9 498 892
6 492 904
7 493 905
4 495 907
5 494 906
2 488 911
3 489 910
0 491 909
1 490 908
46 508 872
47 509 873
44 511 875
45 510 874
42 504 879
43 505 878
40 507 877
41 506 876
38 524 864
39 525 865
36 527 867
37 526 866
34 520 871
35 521 870
32 523 869
33 522 868
30 516 880
31 517 881
28 519 883
29 518 882
26 512 887
27 513 886
24 515 885
25 514 884
66 528 951
67 529 950
64 531 949
65 530 948
68 535 947
69 534 946
71 533 945
70 532 944
58 544 943
59 545 942
56 547 941
57 546 940
240 500 605
241 501 604
243 503 606
242 502 607
247 496 601
246 497 600
245 499 602
244 498 603
256 492 621
257 493 620
259 495 622
258 494 623
263 488 617
262 489 616
261 491 618
260 490 619
248 484 613
249 485 612
251 487 614
250 486 615
255 480 609
254 481 608
253 483 610
252 482 611
264 524 581
265 525 580
267 527 582
266 526 583
271 520 577
270 521 576
269 523 578
268 522 579
280 516 597
281 517 596
283 519 598
282 518 599
287 512 593
286 513 592
285 515 594
284 514 595
272 508 589
273 509 588
275 511 590
274 510 591
279 504 585
278 505 584
277 507 586
276 506 587
132 299 936
133 298 937
135 297 939
134 296 938
128 301 943
129 300 942
131 302 941
130 303 940
124 291 952
125 290 953
127 289 955
126 288 954
120 293 959
121 292 958
123 294 957
122 295 956
140 307 944
141 306 945
143 305 947
142 304 946
136 309 951
137 308 950
139 310 949
138 311 948
108 323 912
109 322 913
111 321 915
110 320 914
104 325 919
105 324 918
107 326 917
106 327 916
100 315 928
101 314 929
103 313 931
102 312 930
96 317 935
97 316 934
99 318 933
98 319 932
116 331 920
117 330 921
119 329 923
118 328 922
112 333 927
113 332 926
115 334 925
114 335 924
176 349 888
177 348 889
179 350 891
178 351 890
183 345 895
182 344 894
181 346 893
180 347 892
168 341 904
169 340 905
171 342 907
170 343 906
175 337 911
174 336 910
173 338 909
172 339 908
184 357 896
185 356 897
187 358 899
186 359 898
191 353 903
190 352 902
189 354 901
188 355 900
152 373 864
153 372 865
155 374 867
154 375 866
159 369 871
158 368 870
157 370 869
156 371 868
144 365 880
145 364 881
147 366 883
146 367 882
151 361 887
150 360 886
149 362 885
148 363 884
160 381 872
161 380 873
163 382 875
162 383 874
167 377 879
166 376 878
165 378 877
164 379 876
41 219 783
40 218 782
42 217 781
43 216 780
46 221 779
47 220 778
44 222 777
45 223 776
33 235 775
32 234 774
34 233 773
35 232 772
38 237 771
39 236 770
36 238 769
37 239 768
25 227 791
24 226 790
26 225 789
27 224 788
30 229 787
31 228 786
28 230 785
29 231 784
17 195 807
16 194 806
124 652 674
125 653 675
122 650 678
123 651 679
120 648 676
121 649 677
118 646 713
119 647 712
116 644 714
117 645 715
114 642 718
115 643 719
112 640 716
113 641 717
110 638 705
111 639 704
108 636 706
109 637 707
106 634 710
107 635 711
104 632 708
105 633 709
102 630 697
103 631 696
100 628 698
101 629 699
98 626 702
99 627 703
96 624 700
97 625 701
186 622 742
187 623 743
184 620 740
185 621 741
188 618 738
189 619 739
191 616 736
190 617 737
178 614 734
179 615 735
176 612 732
177 613 733
154 590 758
155 591 759
152 588 756
153 589 757
156 586 754
157 587 755
159 584 752
158 585 753
146 582 750
147 583 751
151 576 744
150 577 745
149 579 747
148 578 746
145 581 749
144 580 748
166 593 761
167 592 760
165 595 763
164 594 762
161 597 765
160 596 764
163 599 767
162 598 766
174 601 721
175 600 720
173 603 723
172 602 722
169 605 725
168 604 724
171 607 727
170 606 726
182 609 729
183 608 728
181 611 731
180 610 730
127 655 672
126 654 673
129 657 685
128 656 684
131 659 687
130 658 686
133 661 683
132 660 682
135 663 680
134 662 681
137 665 693
136 664 692
139 667 695
138 666 694
141 669 691
140 668 690
143 671 688
142 670 689
49 251 863
48 250 862
51 248 860
50 249 861
53 255 856
52 254 857
55 252 858
54 253 859
57 259 847
56 258 846
59 256 844
58 257 845
61 263 840
60 262 841
63 260 842
62 261 843
65 243 855
64 242 854
67 240 852
66 241 853
69 247 848
68 246 849
71 244 850
70 245 851
73 275 839
72 274 838
75 272 836
74 273 837
77 279 832
76 278 833
79 276 834
78 277 835
81 283 823
80 282 822
83 280 820
82 281 821
85 287 816
84 286 817
87 284 818
86 285 819
89 267 831
88 266 830
91 264 828
90 265 829
93 271 824
92 270 825
95 268 826
94 269 827
5 207 808
4 206 809
7 204 810
6 205 811
3 200 812
2 201 813
0 202 814
1 203 815
13 215 792
12 214 793
15 212 794
14 213 795
11 208 796
10 209 797
8 210 798
9 211 799
21 199 800
20 198 801
23 196 802
22 197 803
19 192 804
18 193 805
226 554 635
227 555 634
225 553 632
224 552 633
230 558 639
231 559 638
229 557 636
228 556 637
234 562 643
235 563 642
233 561 640
232 560 641
238 566 647
239 567 646
237 565 644
236 564 645
218 570 627
219 571 626
217 569 624
216 568 625
222 574 631
223 575 630
221 573 628
220 572 629
202 530 659
203 531 658
201 529 656
200 528 657
206 534 663
207 535 662
205 533 660
204 532 661
210 538 667
211 539 666
209 537 664
208 536 665
214 542 671
215 543 670
213 541 668
212 540 669
194 546 651
195 547 650
193 545 648
192 544 649
198 550 655
199 551 654
197 549 652
196 548 653
591 780 914
590 781 915
588 782 913
589 783 912
584 778 918
585 779 919
586 777 917
587 776 916
599 788 922
598 789 923
596 790 921
597 791 920
592 786 926
593 787 927
594 785 925
595 784 924
583 772 930
582 773 931
580 774 929
581 775 928
576 770 934
577 771 935
578 769 933
579 768 932
615 804 938
614 805 939
612 806 937
613 807 936
608 802 942
609 803 943
610 801 941
611 800 940
623 812 946
622 813 947
620 814 945
621 815 944
616 810 950
617 811 951
618 809 949
619 808 948
607 796 954
606 797 955
604 798 953
605 799 952
600 794 958
601 795 959
602 793 957
603 792 956
639 828 870
638 829 871
636 830 869
637 831 868
632 826 865
633 827 864
634 825 867
635 824 866
647 836 878
646 837 879
644 838 877
645 839 876
640 834 873
641 835 872
642 833 875
643 832 874
631 820 886
630 821 887
628 822 885
629 823 884
624 818 881
625 819 880
626 817 883
627 816 882
663 852 894
662 853 895
660 854 893
661 855 892
656 850 889
657 851 888
658 849 891
659 848 890
671 860 902
670 861 903
668 862 901
669 863 900
664 858 897
665 859 896
666 857 899
667 856 898
655 844 910
654 845 911
652 846 909
653 847 908
648 842 905
649 843 904
650 841 907
651 840 906
315 763 820
314 762 821
312 760 822
313 761 823
319 767 818
318 766 819
316 764 817
317 765 816
323 747 828
322 746 829
320 744 830
321 745 831
327 751 826
326 750 827
324 748 825
325 749 824
331 755 836
330 754 837
328 752 838
329 753 839
335 759 834
334 758 835
332 756 833
333 757 832
291 739 844
290 738 845
288 736 846
289 737 847
295 743 842
294 742 843
292 740 841
293 741 840
299 723 852
298 722 853
296 720 854
297 721 855
303 727 850
302 726 851
300 724 849
301 725 848
307 731 860
306 730 861
304 728 862
305 729 863
311 735 858
310 734 859
308 732 857
309 733 856
363 719 770
362 718 771
360 716 769
361 717 768
367 712 774
366 713 775
364 714 773
365 715 772
371 703 778
370 702 779
368 700 777
369 701 776
375 696 782
374 697 783
372 698 781
373 699 780
379 711 786
378 710 787
376 708 785
377 709 784
383 704 790
382 705 791
380 706 789
381 707 788
339 695 794
338 694 795
336 692 793
337 693 792
343 688 798
342 689 799
340 690 797
341 691 796
347 679 802
346 678 803
344 676 801
345 677 800
351 672 806
350 673 807
348 674 805
349 675 804
355 687 810
354 686 811
352 684 809
353 685 808
359 680 814
358 681 815
356 682 813
357 683 812
1 306 404
0 307 405
3 305 406
2 304 407
5 310 402
4 311 403
7 309 401
6 308 400
9 290 388
8 291 389
11 289 390
10 288 391
13 294 386
12 295 387
15 293 385
14 292 384
17 298 396
16 299 397
19 297 398
18 296 399
21 302 394
20 303 395
23 301 393
22 300 392
25 330 428
24 331 429
27 329 430
26 328 431
29 334 426
28 335 427
31 333 425
30 332 424
33 314 412
32 315 413
35 313 414
34 312 415
37 318 410
36 319 411
39 317 409
38 316 408
41 322 420
40 323 421
43 321 422
42 320 423
45 326 418
44 327 419
47 325 417
46 324 416
49 354 452
48 355 453
51 353 454
50 352 455
53 358 450
52 359 451
55 357 449
54 356 448
57 338 436
56 339 437
59 337 438
58 336 439
61 342 434
60 343 435
63 341 433
62 340 432
65 346 444
64 347 445
67 345 446
66 344 447
69 350 442
68 351 443
71 349 441
70 348 440
73 378 476
72 379 477
75 377 478
74 376 479
77 382 474
76 383 475
79 381 473
78 380 472
81 362 460
80 363 461
83 361 462
82 360 463
85 366 458
84 367 459
87 365 457
86 364 456
89 370 468
88 371 469
91 369 470
90 368 471
93 374 466
92 375 467
95 373 465
94 372 464
78 564 928
79 565 929
77 566 930
76 567 931
73 562 932
72 563 933
75 561 934
74 560 935
86 572 912
87 573 913
85 574 914
84 575 915
81 570 916
80 571 917
83 569 918
82 568 919
94 556 920
95 557 921
93 558 922
92 559 923
89 554 924
88 555 925
91 553 926
90 552 927
54 540 952
55 541 953
53 542 954
52 543 955
49 538 956
48 539 957
51 537 958
50 536 959
62 548 936
63 549 937
61 550 938
60 551 939
